,price,floor,bedroomCount,netHabitableSurface,constructionYear,facadeCount,floorCount,hasLift,hasGarden,gardenSurface,hasTerrace,terraceSurface,fireplaceExists,hasSwimmingPool,hasAirConditioning,bathroomCount,showerRoomCount,toiletCount,parkingCountIndoor,parkingCountOutdoor,primaryEnergyConsumptionPerSqm,hasDoubleGlazing,BUY_REGULAR,PUBLIC_SALE,APARTMENT,HOUSE,APARTMENT.1,APARTMENT_BLOCK,BUNGALOW,CASTLE,CHALET,COUNTRY_COTTAGE,DUPLEX,EXCEPTIONAL_PROPERTY,FARMHOUSE,FLAT_STUDIO,GROUND_FLOOR,HOUSE.1,KOT,LOFT,MANOR_HOUSE,MANSION,MIXED_USE_BUILDING,OTHER_PROPERTY,PENTHOUSE,SERVICE_FLAT,TOWN_HOUSE,TRIPLEX,VILLA,Brussels,Flanders,Wallonie,Antwerp,Brussels.1,East Flanders,Flemish Brabant,Hainaut,Limburg,Liège,Luxembourg,Namur,Walloon Brabant,West Flanders,AS_NEW,GOOD,JUST_RENOVATED,NO_COND_INFORMATION,TO_BE_DONE_UP,TO_RENOVATE,TO_RESTORE,HYPER_EQUIPPED,INSTALLED,NOT_INSTALLED,NO_KITCH_INFORMATION,SEMI_EQUIPPED,USA_HYPER_EQUIPPED,USA_INSTALLED,USA_SEMI_EQUIPPED,USA_UNINSTALLED,A,A+,A++,B,C,D,E,F,G,NO_EPC_SCORE
price,1.0,0.0026970793591400105,0.4066545664047592,0.16927588544835384,0.028858288023757755,0.16264656280463116,-0.04689007381190591,-0.015094000681747386,0.09279786951124376,,0.07865180162877901,,-0.0021836551502356994,0.22334487624437183,0.07104179113662315,0.5264338897537771,0.1233168269797617,0.40859136362679693,0.0037211139439874206,0.020183488278318312,-0.012577801898283439,0.03140287951640684,0.03702108964440295,-0.03702108964440339,-0.16272760279835416,0.16272760279835394,-0.15182344170949422,0.1024992685587723,-0.01197501110021326,0.09996113069427946,-0.020051322960035967,0.023471946888121733,0.006786638952722778,0.13823650894400902,0.017048424449369257,-0.09225982396285098,-0.034378805302140644,-0.029576911480163358,-0.022144885138410033,0.012419001521159365,0.04821854068929974,0.04206243761472439,0.038047766891514914,0.0198577579125453,0.0901771472324111,-0.02726753697574281,-0.006813725331838872,0.004556113858156855,0.25170430287183887,0.07201314255515665,0.0008572972643347921,-0.06692124649801316,-0.037788537553953325,0.07201314255515665,-0.03479633718221918,0.02622098335264159,-0.06269982759220732,-0.043875667382165306,-0.07773644041460524,-0.025363810734109597,-0.0427499006203987,0.06954032301951449,0.07980014765570831,0.12010641718838556,-0.046724254608176016,0.033647284812938716,-0.011204598726147244,-0.05585523134033005,-0.0646810758456305,-0.014311386924284967,0.1539058296297744,-0.07481153255866538,-0.04476031520629539,-0.03576998081349815,-0.0761994103019408,0.13194801151125088,-0.018368383684740593,-0.020121621068266034,0.002055582676239214,0.0424343384754295,-0.0008074089690491898,0.007883953425571782,0.028378285750614213,0.002412982140918018,-0.023657165578125236,-0.026200902205444573,-0.059383055447865526,-0.030604541256362486,0.035849523751300606
floor,0.0026970793591400105,1.0,-0.013805216333701324,-0.005145334318718808,0.003844816746505992,-0.011131904446830928,0.035814606157919024,0.016429549551964184,-0.019006489796809505,,0.013144369140331638,,-0.006460592179390166,-0.0036856205262664997,0.0016209899369584633,-0.005851747314882577,0.00028298014318361373,-0.0048511132327110395,-0.00032221095253288424,-6.887263239112529e-05,0.00023053173747800913,-0.013462375410287272,0.0015689670274393714,-0.0015689670274393324,0.02970455462969762,-0.029704554629697608,0.028859574628525068,-0.003977553259179772,-0.002318354625781956,-0.0007439013617841922,-0.0012891764198413225,-0.002085918457511988,-0.00022437733235949132,-0.0025665654347803517,-0.0014254969390581093,0.003333956059112405,-0.005667491112429398,-0.023095177453812683,9.49143731680725e-05,-0.0003832468960420507,-0.0009605467141122585,-0.0023383615350830874,-0.003095825142840907,-0.0006073378585775556,0.007937108021567716,-0.0006486801060191079,-0.002725501757805345,-0.00014505903833087584,-0.008192278909002882,0.009303165209140507,-0.019762647576905674,0.015662344716088752,-0.004681948427877897,0.009303165209140507,-0.007805042221912166,-0.007028788490655607,-0.003282761738297971,-0.005966378714405962,-0.00378865026646622,-0.003114080997514016,0.0540977112243397,-0.004655003004865754,-0.0027936549744982664,-0.0037399169774967674,0.0137206707767247,-0.0020184020793785843,-0.003154668211966014,-0.003911281884764962,-0.006488978729994025,-0.0015591483010334317,-0.002954841947899261,0.014279691973387569,-0.0023216949401309722,-0.00881996236450633,-0.002981785696944832,-0.0012936620036735518,-0.0009424082987053277,-0.0006043033701220328,-0.0003041491876797081,-0.0020951430105889245,-0.0005938314590705181,-0.001038465364484851,-0.002162994127864245,-0.0039365306166728,-0.005297933618493923,0.0014109038627029107,0.023374935688338247,-0.002533106015119556,-0.005727054458887723
bedroomCount,0.4066545664047592,-0.013805216333701324,1.0,0.18451536150446712,-0.1717093622846692,0.2429851650163779,-0.3037081042532222,-0.2993480961962356,0.22034805034963886,,0.006914426082195652,,0.04808584883471128,0.13183041900456288,0.024309906390034632,0.5214004305552018,0.14084276787784542,0.5051289034877906,0.0024619969262760846,0.017410228297533803,0.03280544915597488,0.02639711150844233,-0.007346278766534637,0.007346278766534491,-0.5047711442934245,0.5047711442934253,-0.3696937191343719,0.20599515322048342,-2.2566055532739276e-05,0.09733317351005116,-0.0035237031245727167,0.04095104502087969,-0.02614831064051093,0.09169757838478942,0.028014380114002986,-0.2408322487049431,-0.0935408399712669,0.30273552838025336,-0.05158263780932712,-0.0265799613073367,0.023258646118622255,0.09299771448082726,0.0789211471244617,0.012801383940251185,-0.03218900185125723,-0.06796148312921524,0.01827190643028614,0.018809378911841746,0.21750165654371223,-0.05765254364548407,-0.038733676300212926,0.10011280387638744,-0.03941724499510336,-0.05765254364548407,0.00708778002376914,0.0574399981553066,0.03931015410826641,0.0399385259125564,0.008321220511037395,0.04391438262879901,0.033856346471294936,0.08614901408576366,-0.07969495317990287,-0.03524257230300924,0.0026585088306667467,0.00100810291015781,-0.03533214422983367,0.03686965729636585,0.06460714340034801,0.02260622103705076,0.05809688990957476,-0.010215273771178989,0.011838260831148254,-0.03228365630853437,-0.0013551020705681177,0.006322051606649957,-0.012057882688043546,-0.0067702547806815,-0.00666021573516258,-0.060360457497000905,-0.00043429912120579293,0.0009685095457527125,-0.06657795711997044,0.025433186066110065,0.04913842395507836,0.04041034394275886,0.06453767944092381,-0.002520413241968475,-0.02905419792572006
netHabitableSurface,0.16927588544835384,-0.005145334318718808,0.18451536150446712,1.0,-0.05997159051949696,0.1349548817203204,-0.10629307720821658,-0.10217040060061477,0.049087550488914874,,-0.03659580540282951,,0.02284538764454905,0.11048015402054782,0.016680691136539444,0.10528123000873049,0.020829877712180617,0.11264913360030462,-0.0009087316977841466,0.004993880110795724,0.00883326894969563,-0.011515985688394625,0.00013611049376959896,-0.0001361104937696799,-0.18377981111298083,0.18377981111298103,-0.1465971599172213,0.034053912903275314,-0.001236321254688657,0.05414318904292801,-0.006538346420290892,0.021249542528617577,-0.022141284378274558,0.11287925470298817,0.1756891606672194,-0.043810899995883834,-0.03142645817977681,0.06385919524774696,-0.0115893414241377,0.005360422104454075,0.23098793011685456,0.027401512128708713,0.0332481508734181,0.004988995982253486,-0.014742959875667271,-0.015821764665858353,0.0005696982694650859,-0.0016411680320809969,0.10665458309259224,-0.035940628761140306,0.005901852791577097,0.025657292644094772,-0.0004245955210601343,-0.035940628761140306,0.012736435697318783,0.008620041829641378,0.020923808278941008,0.011727807184479404,0.0030162528494057385,0.026319557758782162,-0.0017217115516733807,0.008613744611522183,-0.01795231929481787,-0.012316285284994236,-0.013211580569065264,-0.00958027506675891,-0.006142115348588422,0.008712831575384791,0.04565661737851912,0.024197840528814695,0.0008197092920611735,-0.00027642384429184876,0.0012235834141790598,-0.0021177207661467294,0.01840989161740604,-0.01236166983703458,-0.003227893315818038,-0.0070995710828607025,-0.0013451640747439149,-0.025060186147458075,0.00462371319826508,0.007906613578023086,-0.03799659805262789,-0.0037932613790929285,0.0003931715390519526,0.0003982095034853764,0.06279932520409107,-0.0003034863092799541,0.011600378479932633
constructionYear,0.028858288023757755,0.003844816746505992,-0.1717093622846692,-0.05997159051949696,1.0,-0.03768177930541434,0.11960009946399054,0.30208144220922256,-0.07520171041024895,,0.184584502047034,,-0.016919463882736033,0.013200515418019582,0.021104909035824366,-0.0784587878724567,-0.06370344236416993,-0.09172432293205264,0.01222069637637156,0.022470667435033526,-0.0772717626032839,0.051975526758388395,0.025863073555341447,-0.025863073555341606,0.31296137058127843,-0.31296137058127865,0.23545041672136635,-0.11956666450273952,-0.009586826177346451,-0.03961806988637177,0.014112713222164555,-0.08423154976647935,0.03398172994948666,-0.026938230605799952,-0.09550199129378537,0.018974734122475585,0.06868717513199536,-0.25004306066581805,0.024171623566895777,-0.039149309384188945,-0.03117663936338629,-0.12884146362148197,-0.0732085806369645,-0.009524616671335324,0.10177255128093136,0.07614976107174179,-0.010503496653127916,-0.006707867675657372,0.03638030130428269,-0.12196860420128595,0.12929410276856645,-0.046574706016053784,0.008635832381769485,-0.12196860420128595,0.07561656108481664,-0.018422861550711923,-0.02230297906932945,0.015234275911702606,-0.06320618392454956,0.028552374032647126,-0.006583970575269786,-0.013321057465781987,0.0809417427289158,0.27142771835908136,-0.08761169339496765,-0.12407675723426574,0.16381242211335598,-0.16373099080154482,-0.267868112006777,-0.06373109434517489,0.07606049599130225,0.025337111584824736,-0.09959157000431756,-0.02515020264708421,-0.14761026862370558,0.12051590948604307,0.012352079968364205,-0.03744451672043926,0.009105762249945273,0.276947129810225,0.04774665441982217,0.046406228147029896,0.1368024867349053,-0.07019488672718875,-0.16443942068136994,-0.16812010719629228,-0.24771032181526006,-0.19451660532640663,0.25759068746913644
facadeCount,0.16264656280463116,-0.011131904446830928,0.2429851650163779,0.1349548817203204,-0.03768177930541434,1.0,-0.18385794125362573,-0.2269428157191332,0.11022935683923116,,0.039977126400050716,,0.10632968726830253,0.14510194596933598,0.05274786147845046,0.10595623925402421,0.04738805452238786,0.18473194703422288,0.006292668461198607,0.02066747428241763,0.03103352417879199,-0.009700150638585276,-0.0058362864371739554,0.005836286437173944,-0.3628315251841867,0.3628315251841869,-0.305185654128999,-0.009220717273508835,0.07404002962346842,0.03354500665377825,0.05813328729194707,0.05898418064798701,-0.06098913527573621,0.08026840965612264,0.05545091728408405,-0.09071355419339781,-0.022752549740102844,0.19396880331107944,-0.026191157875993454,-0.004199659547947462,0.030225106991467025,0.010391575579724411,0.003622483135055303,0.00669674207627677,-0.021037429743269186,0.029523309938170757,-0.013586864616722571,-0.006769307991164468,0.2811558377156056,-0.07133069827868534,-0.10784153451205913,0.19715236546701176,-0.02007430395056135,-0.07133069827868534,-0.03257691265682809,0.08231569902190762,0.08631509198420009,0.0196527263616299,0.07084317904544916,0.06837358999953973,0.07515729008621708,0.10769340863046088,-0.15271225132579966,-0.02755970948794745,0.08810455157644402,-0.006903905495888687,-0.12617988563950158,0.04633076320879177,0.04744946841862634,0.009680743554195247,0.06709846120176735,0.00860658630526504,0.02060812958356014,-0.10262846581612223,0.028276302782190014,0.03146967570696786,0.017123944768349164,-0.00014480199112618737,0.0076606476147862085,-0.03434245621192612,-0.004589813907129546,0.021046697865986667,-0.0640445010885698,0.01865108206298117,0.03677749733262339,0.025787371549620283,0.08235340351697827,0.02830051377668664,-0.05404371817186648
floorCount,-0.04689007381190591,0.035814606157919024,-0.3037081042532222,-0.10629307720821658,0.11960009946399054,-0.18385794125362573,1.0,0.579496506528104,-0.27912421762303097,,0.13430357381799551,,-0.01815593274011322,-0.05985212079001312,-0.02870875772639913,-0.059071807794038235,0.0008772563106640442,-0.16584239558077168,-0.0055926252729292525,0.006107153549632064,-0.03436201662315173,0.003508384252554216,0.0313728258779167,-0.03137282587791667,0.5746835852654351,-0.5746835852654355,0.4743346243573587,-0.07695232586602543,-0.04485239266738832,-0.014391998365347566,-0.02494124339616863,-0.040355531758617245,0.03639436271012444,-0.049654440009792626,-0.02757858860148721,0.16714051170338395,0.009902363216152834,-0.4468142864606112,0.04178095502311406,0.010612962090606578,-0.018583359904312088,-0.045239459314594443,-0.05989384168931436,-0.011749952234121012,0.11190492678224026,0.005067163037477155,-0.05272932522802088,0.00649702723181168,-0.15849314267157294,0.322797074830076,-0.12995134516205814,-0.13632545460080606,0.008039738803864306,0.322797074830076,-0.09970702342004178,-0.10715143902705593,-0.0802549152342338,-0.10707317905608345,-0.03630171240791661,-0.049607732318955364,-0.05174738651030215,-0.06676379498506745,0.07335708557707427,0.0665661058147455,-0.0006560543481721058,0.019228697640771127,-0.016905901105869744,-0.007635437845597723,-0.08238921099104826,-0.026193047062551746,0.039102528160210204,-0.02562565540004637,-0.020948201997908013,-0.06830239867048692,0.02028840001411926,0.08501819363218659,0.04108718200015758,0.018399616150898416,-0.0060592390078615405,0.0177247258643293,0.0015993682707784508,-0.020441021662467147,0.10325441295631287,0.021786042849915633,-0.028702291157665958,-0.03161104100871945,-0.1210971461243033,-0.0037218514180404924,0.0008592121937086657
hasLift,-0.015094000681747386,0.016429549551964184,-0.2993480961962356,-0.10217040060061477,0.30208144220922256,-0.2269428157191332,0.579496506528104,1.0,-0.27106553589617116,,0.2195300765716773,,-0.03133159013967405,-0.07038613017225216,-0.011075857371378874,-0.035773636501851384,-0.006276987161140147,-0.1599556497489246,-0.006212274552922422,0.008590235116647546,-0.04914361701488052,0.03983824831192801,0.03743261306158822,-0.037432613061588176,0.6348716124923287,-0.6348716124923292,0.514941410188005,-0.07077689573864962,-0.051295693359046365,-0.008208062491080114,-0.028524194522479212,-0.0431991457725139,0.032679055676249985,-0.05197598771974791,-0.031540409330397846,0.12327946866583521,0.06481871457536344,-0.5016887292623853,0.012675104099682909,0.0171427353655703,-0.014860277022129066,-0.04910066879798336,-0.05849622277552541,-0.0033329213903613764,0.15094433443004862,0.04098970547614007,-0.06030419197441378,-0.006108967810926328,-0.1716823587774949,0.19888220270698395,-0.04196198385198493,-0.13059888001522763,-0.011227082964442905,0.19888220270698395,-0.018871294710866886,-0.08839846383343113,-0.08321463283189005,-0.09136015901751422,-0.046066839416621826,-0.03888511620039974,-0.05674314695606759,-0.04572900985350985,0.10019599370552791,0.15078331121179545,-0.010503299452938463,-0.014288986703814129,-0.006778306814679734,-0.058777049449164454,-0.1387498789478739,-0.029543061874696366,0.08123290479181643,0.0002790490908743179,-0.04881249507811221,-0.08932105273460726,-0.04387395252208877,0.11443449843011809,0.03834357918089821,-0.010584535367987907,0.0047881332543757696,0.11624486319888874,0.007270260115480911,-0.023757636714567824,0.13031428300499903,-0.028960430848539814,-0.07734507183237574,-0.07825821066211121,-0.1592748114488937,-0.06261375148754517,0.08202186979925495
hasGarden,0.09279786951124376,-0.019006489796809505,0.22034805034963886,0.049087550488914874,-0.07520171041024895,0.11022935683923116,-0.27912421762303097,-0.27106553589617116,1.0,,0.033678417240623926,,0.09989796363500081,0.07090021962306516,0.029350848125896927,0.0627844957075643,0.0425529016365728,0.17952505392137394,-0.0058578601747133726,0.0007499662077564495,0.031448557271898096,0.02676633588666638,0.04769108711694367,-0.047691087116944225,-0.3867651726476498,0.3867651726476501,-0.322794919917229,-0.005493476401595985,0.047910946303803416,0.008523266027387387,-0.009136628287167655,0.037232655972506336,-0.07936259877878934,0.037853128205883504,0.003355274748239902,-0.08337698863637233,0.06107777899828906,0.30563758070805985,-0.019499994360102517,-0.03057504214001748,-0.0018199143922132187,0.02811480441370721,0.00035491939055105415,-0.01331463478013034,-0.07576376496735342,-0.04017746966138491,0.05169766314069932,-0.019729999576194545,0.13830580942403306,-0.12120294334566925,0.012629514846857726,0.09542059612259972,-0.01990778082812515,-0.12120294334566925,0.05517222674315469,0.027349087623453592,0.031069549327342006,0.048626387633668444,0.022114760303730337,0.018309066911745768,0.018446472613204198,0.10052794428756723,-0.0657267209268901,0.013860923150417342,-0.06153972136545558,0.024645602753690314,0.00389915216716106,0.013489862891552108,0.042610482413256094,0.0017388225286730501,0.010393077260410931,0.08604284650288989,0.016355558639024912,-0.1021621325841719,0.01897066967079914,-0.014609695448913773,0.0014039250391423134,-0.00993908363964128,-0.009414015243592153,-0.03039868485489035,0.0033552747482398105,0.009989287831417828,-0.08495187416255413,0.009547160142652045,0.02758922749082124,0.019211215774874033,0.06715752503376952,0.009207359272301832,0.008305985052957402
gardenSurface,,,,,,,,,,,,,,,,,,,,,,,,,,,,,,,,,,,,,,,,,,,,,,,,,,,,,,,,,,,,,,,,,,,,,,,,,,,,,,,,,,,,,,,,,
hasTerrace,0.07865180162877901,0.013144369140331638,0.006914426082195652,-0.03659580540282951,0.184584502047034,0.039977126400050716,0.13430357381799551,0.2195300765716773,0.033678417240623926,,1.0,,0.026870025048602086,0.06066098636680489,0.021518574016877567,0.0564225291912912,0.046148181590948016,0.06735874062618319,0.007281472462034504,0.024188744363139763,-0.020109691812102058,0.07595290207407862,0.034096607986899716,-0.034096607986900083,0.13959544693862427,-0.13959544693862425,0.11726372217788156,-0.048281343033187096,-0.0011074740910638535,0.016651394333622383,0.005114945917441985,-0.0033300772554916928,0.028078347276213556,0.031086923626913857,-0.019641889158514142,-0.08001499979300515,0.02828255210485597,-0.1429470894881501,-0.03377011525948372,0.01756906972759382,-0.010340675207565498,-0.01597671591488784,-0.03033875464349482,-0.006538238530765369,0.07585356269674484,0.033750195894871216,0.0045395251106573106,-0.007326567130536373,0.026716301073168774,0.05438935570529508,-0.07240283081826918,0.03880626349925877,0.037222355562185894,0.05438935570529508,0.00017695589615444597,0.0028942757367352106,-0.0011499336390252163,-0.08176567796484131,0.030549560777101057,0.004057805838867116,-0.007964145779237455,0.04589180305046584,-0.07973211778459327,0.14540419625516082,-0.02115007504502848,0.01130345268690061,-0.0247369724831153,-0.046826555919597106,-0.11529956913294195,-0.03470296150178577,0.13239208509623152,0.043104320047901615,-0.02353438883262595,-0.21480752204176481,-0.00306092166930997,0.13422595840657817,0.045995625955811074,-0.00833562048224113,0.009611944285938923,0.10165705184754635,0.019020635589410154,0.005114945917442135,0.05438843844544451,0.0064519146279124655,-0.014814610728150312,-0.0386892124687643,-0.10954910894844867,-0.0285738125336856,-0.0015242403341034544
terraceSurface,,,,,,,,,,,,,,,,,,,,,,,,,,,,,,,,,,,,,,,,,,,,,,,,,,,,,,,,,,,,,,,,,,,,,,,,,,,,,,,,,,,,,,,,,
fireplaceExists,-0.0021836551502356994,-0.006460592179390166,0.04808584883471128,0.02284538764454905,-0.016919463882736033,0.10632968726830253,-0.01815593274011322,-0.03133159013967405,0.09989796363500081,,0.026870025048602086,,1.0,0.002489408862963695,0.0031507879613321085,0.010008975362465497,-0.03173334872540659,0.0830407164345266,0.017285196243948593,-0.017443331579644675,-0.008759780660339741,-0.05797784867551434,0.030986208528850926,-0.030986208528850978,-0.04139735384419501,0.04139735384419515,-0.0018420128688019617,0.01791288329424083,-0.007766811813194495,-0.003756795227990164,-0.006510502696864639,0.012986603413902521,-0.04652522765220297,-0.015189129280328883,-0.010393320817267734,-0.012865515670643328,-0.007328337523051422,0.01894058673790272,-0.019750890363017675,0.0032051737552735004,-0.002483153552836751,0.00919543526036099,-0.0004461036648930035,0.0006755559199611992,-0.03242554917481552,-0.0334810021616252,0.005551003183556125,-0.007548425146209856,0.042152827513674176,-0.034080562077720804,-0.0381139025144011,0.07779271635465364,0.150325772212236,-0.034080562077720804,-0.054797995725809234,0.007632045860930085,-0.011938368414650917,0.005648939936559978,0.013735387745209568,0.0341043407278972,0.06500105110294843,0.06889855657330733,-0.16047859142657284,-0.1764180797644471,0.03731337763583084,0.05173025208717076,0.08854338190252481,0.034401211405501134,0.005071629343476154,0.01815590810537082,-0.07521820233401655,0.14741625473193984,0.003985849577687443,-0.17698238027272892,0.24100539605326518,-0.07951100601952371,-0.02824599213680795,-0.021301290535776,0.008416368173652123,-0.03205638248337844,0.008772973533031685,0.04645271989092702,0.022008277467423617,0.017135328903091614,0.006365662519630385,-0.004855269655907713,-0.0020205095696380023,0.007259915290775028,-0.026656590637459197
hasSwimmingPool,0.22334487624437183,-0.0036856205262664997,0.13183041900456288,0.11048015402054782,0.013200515418019582,0.14510194596933598,-0.05985212079001312,-0.07038613017225216,0.07090021962306516,,0.06066098636680489,,0.002489408862963695,1.0,0.046747988329683535,0.13649471104908914,0.039437977208849305,0.1463463207905417,-0.000868537316800828,0.013395387467315662,-0.004019214329482383,0.04240209380369686,0.003191707151986556,-0.0031917071519866887,-0.127306232166483,0.1273062321664833,-0.10701280929594581,-0.014926303451172972,-0.0033623026324462115,0.04672790349811183,0.008172596699437967,0.01673247700334825,-0.025486036717562183,0.07547435253877219,-0.007064274846806978,-0.01228929194933324,-0.025205898760248716,0.011718171443406596,-0.005633296340483274,0.006557433064652802,0.01476882314093775,0.0045276244538627365,-0.015341849629739513,-0.0030097585202097286,-0.00981745464559351,0.019220493770518824,-0.006580100252663331,-0.006564080662606979,0.22033457373301804,-0.03517523934093283,-0.04567911560626778,0.08804727255061197,-9.273978995715813e-05,-0.03517523934093283,-0.022215491020162226,0.004337045907848349,0.03813048944100763,-0.00799816748704973,0.016142449228447778,0.007722618919255316,0.02817919049439056,0.08543963626413403,-0.032715012203623904,0.06140707712124355,-0.004240473256896469,-0.016212497639291317,-0.02299113345442667,-0.010506392971258374,-0.033334915638806396,0.0015350036546174291,0.0623473168262848,-0.0005288344033806423,-0.022910877409976046,-0.03639234123207242,-0.01987525309323179,0.029316227876001914,-0.005534115499271794,-0.012353290846289403,-0.002128027772197624,-0.008893865525701407,0.006109320491037189,-0.00638871701948313,0.030036647377090345,0.03672753476590883,-0.0041386639826895685,-0.0012889037597992833,-0.024047295225087594,-0.012468556996702282,-0.03180644274123165
hasAirConditioning,0.07104179113662315,0.0016209899369584633,0.024309906390034632,0.016680691136539444,0.021104909035824366,0.05274786147845046,-0.02870875772639913,-0.011075857371378874,0.029350848125896927,,0.021518574016877567,,0.0031507879613321085,0.046747988329683535,1.0,0.036019489751248406,0.007353670704428752,0.04554376292924842,-0.0008176731578468556,0.003086324176550751,-0.007933218288309509,0.04450282898316809,0.007458603715355573,-0.007458603715355603,-0.03132081143524019,0.031320811435240244,-0.03436166781526281,-0.012908923188832416,0.016948602000034924,-0.0024142896181659932,0.017741055660768976,0.033988992952287723,0.02124246862865437,0.024868599951299964,-0.004626369351497173,-0.015791678143955722,-0.01870623158546197,-0.00790429332718631,-0.0036892264390438745,-0.007053205789093739,-0.0031173998043001654,-0.007589019549755217,0.01755593025571072,-0.0019710805249316433,0.029422143268238256,-0.007843485228822483,0.012013194678550648,-0.00429879389700789,0.054192926509414235,-0.0240392715031707,0.00745344109913181,0.01287296032366744,0.018734368119388993,-0.0240392715031707,-0.0052050731800071,0.00973344689408128,-0.007086074087816534,0.005437846723685776,0.03004689912073565,0.004770641651322103,-0.011747406351618023,0.0052342532397841885,-0.016226962065518956,0.04827008126799043,0.010851660654094163,0.018188403183481413,-0.03944817751870765,-0.02109990055354446,-0.02710189363372212,-0.005838744049819261,0.02642338185587521,-0.01418985552184003,-0.01193993319553628,0.013568404703612596,-0.025826044947708297,0.001159198812335586,-0.0015341850926983262,-0.008090127776842636,0.0643336691732609,0.018531080690323717,0.03504465797027639,0.01774105566076894,0.017968537178919438,-0.003455205951503234,-0.004008303204534218,-0.020815526239893356,-0.028988040220491864,-0.01568664939116978,0.01317925085147819
bathroomCount,0.5264338897537771,-0.005851747314882577,0.5214004305552018,0.10528123000873049,-0.0784587878724567,0.10595623925402421,-0.059071807794038235,-0.035773636501851384,0.0627844957075643,,0.0564225291912912,,0.010008975362465497,0.13649471104908914,0.036019489751248406,1.0,0.19787719877791463,0.5816057025191913,0.0093595354512859,0.01602992209875315,0.0053468111736922315,0.024711692511584386,0.012425307692481477,-0.012425307692481765,-0.15075133463597556,0.15075133463597554,-0.14541359930087558,0.3247972292549347,-0.02242117007086077,0.15062195761703867,-0.006515819330527014,0.007581012289640259,0.02247706619491918,0.09326538434817765,0.0014706468070396766,-0.047823154593511136,-0.035212822247716255,-0.03600196713199886,-0.010093898609294645,0.0052763712458311325,0.03501360166813641,0.04575693982701932,0.051759634994001644,0.041654518530755594,0.04285087159559229,-0.02685317891601417,-0.010126183600289516,0.026441052591216246,0.13886252749324182,0.11067329583557001,-0.11553928678390812,0.040082981201788756,-0.05323295531455107,0.11067329583557001,-0.05106393292345184,0.0026665718535483357,0.00811907886130791,-0.029037050392044156,-0.020541468072058613,0.010714508170524361,-0.009233648990344439,0.09103600085699269,-0.02073664036807499,0.05479756138534101,-0.0057559930298616965,0.024056350771986132,-0.03542465701464046,-0.010047204509099147,-0.033485655916866953,0.0036391529649327475,0.09609088353443594,-0.051724768161370734,-0.007353423201880144,-0.048305181981129416,-0.031130854056080674,0.09716589658826384,-0.004689154489000891,0.015546128557797861,-0.005045081523654011,-0.010344901887540394,0.006675925242732442,0.0021145913909919947,-0.0023531680045477234,0.014425743955343457,0.009217172686949892,0.011469654469017482,-0.03205228287555553,0.005998075389221202,0.0013677626068362059
showerRoomCount,0.1233168269797617,0.00028298014318361373,0.14084276787784542,0.020829877712180617,-0.06370344236416993,0.04738805452238786,0.0008772563106640442,-0.006276987161140147,0.0425529016365728,,0.046148181590948016,,-0.03173334872540659,0.039437977208849305,0.007353670704428752,0.19787719877791463,1.0,0.20535944338299172,-0.0018652645747766884,0.012489397329425174,-0.0056910007616948095,0.017736295626499494,0.01200004826799213,-0.012000048267992062,-0.036023034552034906,0.036023034552035,-0.04712956893663373,0.09472103459345618,-0.006490477317583752,0.07711703482242124,0.0013052278497812672,0.0024623421837459917,0.015846477507495616,0.0371374287827245,-0.006743151681456656,-0.004564386580379832,0.002575321111583945,-0.009382155678216752,-0.00013141453504156859,0.0032097921018770146,-0.0066123562534683164,0.015824757651977085,0.017137350102834098,-0.004180883894694188,0.018409001739101722,-0.013001911104979152,0.0006072710996952845,0.014002290184900488,0.01662909460887091,0.14307452287749153,-0.18344118676734916,0.09349725759316793,-0.07031088062039319,0.14307452287749153,-0.06374621922098707,-0.019716490619369198,0.049352964467342296,-0.03400579930973618,0.04326120562581375,0.026923952031582647,0.024408685555861148,0.04537920682047252,-0.053268873279424984,0.03363437373123142,0.012310587973903407,0.009061954372498671,-0.047674442036335744,-0.0059984335555256126,-0.0010820451659285094,-0.006296308445352825,0.048829302352711386,-0.004292131161585158,0.02444098424060008,-0.09131397025651394,0.0022149818660976758,0.07123597082150755,0.026898506939763703,0.02250146655857168,0.0021301722933889447,-0.003466139661670593,0.0070713938737803255,0.004698512785043004,-0.03010231298506753,-0.009973972501035515,0.01740709408863954,0.04926618333072132,-0.018645901361915698,0.04865494046357602,-0.015739519465884085
toiletCount,0.40859136362679693,-0.0048511132327110395,0.5051289034877906,0.11264913360030462,-0.09172432293205264,0.18473194703422288,-0.16584239558077168,-0.1599556497489246,0.17952505392137394,,0.06735874062618319,,0.0830407164345266,0.1463463207905417,0.04554376292924842,0.5816057025191913,0.20535944338299172,1.0,0.006067497040751601,0.015112248710772182,0.001514730145734237,0.056455916922282544,0.020951534425940506,-0.020951534425940593,-0.3162104549139267,0.3162104549139264,-0.28606282362871743,0.24541333534597015,-0.017265671693259856,0.13060668767523867,-0.01533025415814264,0.019134068126034822,0.030358812559459603,0.07260962289974864,-0.00480468978192444,-0.07955252344130243,-0.06109110775275338,0.13816429791280066,-0.02017677734660382,-0.001129597493221351,0.01333664741549146,0.07690574478762836,0.07710738203783866,-0.00010638845513436055,0.01555405290099258,-0.034806673044872206,0.03903953291312699,0.03039763377311079,0.15434491526572525,0.07885154362910662,-0.12605139103838559,0.08204897296096553,-0.05045977881281113,0.07885154362910662,-0.023728222300782753,0.027328990422418088,0.01700791277479112,-0.014368600485834373,0.021635664264750623,0.026166884566122994,0.02010016875473195,0.08238041130154354,-0.08950205068362845,0.03584965165998398,0.01556671683055579,0.02323588101249946,-0.045390003030880484,-0.0027775254837125703,-0.02814637261910102,-0.0066386597128781115,0.10477771648569811,0.003925307976186764,0.003421512989552923,-0.12374698741889492,-0.0011880005557682828,0.07278358817653117,0.004583442771017734,0.025064168557068698,-7.522117992091111e-05,-0.006779492787526956,0.004305276103019889,0.009843790553529203,-0.019541813576714757,0.00664495370720007,0.03567395573633949,0.02115377396381212,-0.039345294440118,0.009899009092862345,-0.001447003608047148
parkingCountIndoor,0.0037211139439874206,-0.00032221095253288424,0.0024619969262760846,-0.0009087316977841466,0.01222069637637156,0.006292668461198607,-0.0055926252729292525,-0.006212274552922422,-0.0058578601747133726,,0.007281472462034504,,0.017285196243948593,-0.000868537316800828,-0.0008176731578468556,0.0093595354512859,-0.0018652645747766884,0.006067497040751601,1.0,0.001501454182850409,-0.0015288919267754887,-0.01437557606694785,0.0007353181430085284,-0.0007353181430086072,0.00861068944371283,-0.008610689443712856,0.011004607141141771,-0.0010426028188038092,-0.0006185342621126062,-0.00010047034500961938,-0.00042886886710334654,-0.0005331334066731243,-0.0017477512600502687,-0.0006228473813819971,-0.00036324860582093713,-0.0015101608360837807,-0.0014616364679472921,-0.007079503779495374,-0.0004530353111632799,-0.0007706950629835367,-0.00031954399315795105,-0.0007387404323320321,-0.0009170345187800197,-0.00018203971042812564,-0.0011060904770493784,-0.0009379076997304897,-0.0006463725992018748,-0.0005095216952646182,-0.0017780080513096746,-0.003179280741444217,-0.0146321045343491,0.020805117750841175,-0.005045980440916914,-0.003179280741444217,-0.0039700434890863195,-0.002923299689579931,-0.001833496481512046,-0.0023571404772195982,-0.0022926141125519696,-0.0012878821490558891,-0.001643388764271365,0.04625101696692012,-0.005080554378863442,-0.004715890165972438,-0.006600193689624598,-0.0023977603048397286,0.017152638211912034,-0.0028181258361853075,-0.002935426512010006,-0.0005477034715902203,-0.0032522683218957635,0.012579415178584267,-0.001833440740336924,-0.007168907738065505,-0.002708711345352785,-0.0009338208824283014,-0.0016056820159722688,-0.0006160522830852601,0.00022485906089555707,-0.0017098901655678029,-0.0003973931765351156,0.23556804594483086,-0.004992917751862001,-0.004408700518111223,-0.003705893731407034,-0.002921918348220496,-0.003274723814432039,-0.0020436420206279885,-0.004953610027638706
parkingCountOutdoor,0.020183488278318312,-6.887263239112529e-05,0.017410228297533803,0.004993880110795724,0.022470667435033526,0.02066747428241763,0.006107153549632064,0.008590235116647546,0.0007499662077564495,,0.024188744363139763,,-0.017443331579644675,0.013395387467315662,0.003086324176550751,0.01602992209875315,0.012489397329425174,0.015112248710772182,0.001501454182850409,1.0,-0.0003888892900474186,0.020065053637554484,0.0044665185721632725,-0.004466518572163299,0.00369507686146641,-0.003695076861466402,0.0023498031748345415,-0.002078832643575275,0.0020780701803447816,0.011630678641477578,0.0006188279481268946,0.00519568892820756,-0.0038223425441585076,0.007664413496374971,0.0007921711529181199,-0.005953222182801619,-0.002333827198362515,-0.011761847757101672,-0.0023886040401418897,-0.0007983515650526138,0.0023006734853712636,-0.00206220045062507,0.0004324006891609614,-0.00036589653591266255,0.019893055610184007,-0.002318455397990123,-0.0013356279887810603,-0.0024698063680610176,0.011316248539138873,0.00803373104097374,-0.009007885449932867,0.0036690894022311537,0.004869281699162178,0.00803373104097374,-0.007067032417787187,0.020131427373698368,-0.0002115468869534559,-0.004861324326923582,-0.0025539270063635786,-1.9423156409803607e-05,0.002666590440401556,0.007824081639610405,-0.02158553947719749,0.02637012334909811,0.004207468523054064,-0.006035217534719688,-0.018337002703290483,-0.009157084995521361,-0.006793204462757098,-0.0024706098391770637,0.030255015853860336,-0.020486152079722812,-0.0030372706302174844,-0.026664309110387356,-0.009383396774544387,0.057421055371849966,0.002500883858513396,0.004966844737715873,0.0029593552186672235,0.0360163693605044,-0.0005674557278912717,-0.0007766767369071971,-0.009677912603227729,-0.006743138115626308,-0.007409273222288802,0.0263330089844942,-0.008903340487004193,-0.00679900670576013,-0.011121220096192982
primaryEnergyConsumptionPerSqm,-0.012577801898283439,0.00023053173747800913,0.03280544915597488,0.00883326894969563,-0.0772717626032839,0.03103352417879199,-0.03436201662315173,-0.04914361701488052,0.031448557271898096,,-0.020109691812102058,,-0.008759780660339741,-0.004019214329482383,-0.007933218288309509,0.0053468111736922315,-0.0056910007616948095,0.001514730145734237,-0.0015288919267754887,-0.0003888892900474186,1.0,-0.02190270234158214,-0.005616438122339693,0.005616438122339614,-0.06224193449066823,0.0622419344906683,-0.0482026813020859,0.05515526493582431,0.008164847807807121,0.0012639264564880787,0.001772325178690941,0.0034312499597497844,-0.011588072340350378,-0.0038821340253788338,0.006527676825324638,-0.004631743462295111,-0.010095081185185291,0.03920306986484386,-0.003903587771730681,-0.004693938907994219,-0.0013102610017385406,0.0015411048403876162,-0.0006882373939668006,-0.001078381263627678,-0.010887523654792421,-0.008849911668136035,-0.0014057245703088031,-0.00039357488178083156,0.020270691017366237,0.007565590900958155,-0.025086690479300795,0.02376374175957799,-0.009368302006319435,0.007565590900958155,-0.010149420464215304,0.0007865464490068981,-0.0029719193539688173,-0.001700895276226372,0.05571213415682801,-0.004596457588598214,-0.0032696678785382282,-0.006145598168975523,-0.010589922504350044,-0.045894458867266806,0.005962560479448584,-0.005577101651247176,-0.009553859886185699,0.021493747249736857,0.06016973523860039,0.007125458106253798,-0.008022272956385204,0.005247028552213287,0.008000784421673702,0.00025871676860046206,0.017073110755831178,-0.01827000041609674,-0.007781785907204802,0.0015793499517394564,-0.0013076230939430735,-0.03822657764292904,-0.006703385658412865,-0.006510668275484609,-0.03674811431747492,-0.008054869397812024,0.011048502232978949,0.020778616591834005,0.09423437235768177,0.11049718000020013,-0.07573548877814686
hasDoubleGlazing,0.03140287951640684,-0.013462375410287272,0.02639711150844233,-0.011515985688394625,0.051975526758388395,-0.009700150638585276,0.003508384252554216,0.03983824831192801,0.02676633588666638,,0.07595290207407862,,-0.05797784867551434,0.04240209380369686,0.04450282898316809,0.024711692511584386,0.017736295626499494,0.056455916922282544,-0.01437557606694785,0.020065053637554484,-0.02190270234158214,1.0,0.07400499945205183,-0.07400499945205208,0.010517750694270349,-0.010517750694270375,0.008493650209633549,-0.027971171487136102,-0.0006784758541858613,-0.0022878933221941954,-0.008919240227431659,0.004841527526896751,0.011953598088173721,0.02127979506823579,-0.03874753272241747,-0.020775894139210598,0.023781663062479953,-0.02922426891645412,-0.005368305792422724,-0.003736214928733979,-0.007383877690101752,0.00011924350853151659,-0.019223989030673454,0.012136194506344093,0.01034707926504302,-0.04193001863841158,0.016755630913739925,-0.002466265776082658,0.05252112685812937,-0.025286547702882488,0.01081736441058289,0.00989937527523404,-0.0011375623370918487,-0.025286547702882488,0.043631777897756595,0.025298953985176887,0.015438455187619663,0.007278793092035535,-0.005459378962972142,0.01966093025942031,0.005924081656370835,-0.008610415309225652,-0.05027656152639261,0.09612376345912355,0.08561975049711079,0.041003013147024994,-0.10003642896212926,-0.02748887537653705,-0.1407648482839969,-0.04583079712375969,0.08431562228669937,0.058470949571454316,-0.029116749663555028,-0.11767052810417963,-0.059551632361601985,0.06390718827921177,0.020025622967549058,0.0009123033570774825,0.008580807657782685,0.014644299896067423,-0.011854460872729879,-0.0188279109693217,0.07090091812519285,0.06823701118183417,0.01995950936313598,-0.019172386895394775,-0.08900457583048262,-0.055190899383858384,-0.05589941736526915
BUY_REGULAR,0.03702108964440295,0.0015689670274393714,-0.007346278766534637,0.00013611049376959896,0.025863073555341447,-0.0058362864371739554,0.0313728258779167,0.03743261306158822,0.04769108711694367,,0.034096607986899716,,0.030986208528850926,0.003191707151986556,0.007458603715355573,0.012425307692481477,0.01200004826799213,0.020951534425940506,0.0007353181430085284,0.0044665185721632725,-0.005616438122339693,0.07400499945205183,1.0,-1.0000000000000002,0.024141191509313528,-0.024141191509313552,0.013971421647062575,-0.001308701694738456,-0.012245740824052366,0.0016805208468817754,0.0029123321452939337,-0.014699533967198072,0.01313603371049814,0.005798035787553514,-0.025120308095083126,-0.005965896356327658,0.005797319104854987,-0.022337192590957893,0.0025679694320977116,0.004909543277961792,0.0021699365808363342,0.005282508554398598,0.006993667384029258,0.0013720151418895221,0.011410659070295953,0.005459635140732932,-0.008744138229237983,0.0029922726362289357,0.0027681174358895637,0.025499685443542204,-0.01627790549824492,-0.003415400553482103,-0.014334623769790838,0.025499685443542204,0.006399906233412418,-0.0031939656863343335,0.00795081537516807,-0.031775329775108614,-0.00720573570792074,-0.01745636619580447,-0.011451772421091433,0.01494164371602056,0.01070440175519561,0.039554086534872086,0.019901332097703693,-0.001584424184067574,-0.042113279931121975,-0.006296886255297927,-0.0256422784810475,0.004064189739913057,0.027643951729467427,-0.0031936667175165383,0.004337553221873255,-0.04478600395189447,0.02033294563351429,0.019092107288210623,0.012249489390945566,0.0056313162599151605,0.00097007328202977,-0.00032689480135752937,0.003220288933882078,0.002912332145293504,0.010619252295962526,0.0016215809965997223,-0.0036053133499978334,-0.011276000433926138,-0.03846616206797701,-0.005856201607186749,0.030671987890538415
